0A78
E2F1ED676B13E926D1F815DC25C6D6297F1E4B9AC97C6EF4536D132C2734F995
558E
CF63C8A0F9454712C9B3C20225A4DA02032238A1B7319C30C8C4DB9D045A541F
1ECC
5DD2F4AE3A9E5483949A1D8E1C777C60DFB555C2A8BF85808883E7DB395A1ACD
9EE3
B277155BFFC8099CCD86A5B180FD9ACDC2EBCA81E237C7E854035B57FEDDB0AB
C79B
091FB50476176E50B9E71B7D4BD63DE82D228C7BC484C5D5CAD517CB3CD35A74
HMAC
176 173 220 57 182 26 156 167 36 40 56 90 125 222 240 112 253 173 219 51 223 34 14 155 169 232 118 136 183 103 4 164 77 63 181 165 244 240 24 221 48 21 93 0 147 6 66 193 176 73 104 51 72 254 130 192 132 225 221 15 21 103 199 151 
